50;11.84
50;11.84
50;11.2
50;11.2
50;10.88
100;12.32
100;11.84
100;12.16
100;10.88
100;12.64
150;12.373333333333333
150;11.84
150;11.306666666666667
150;11.84
150;11.306666666666667
200;12.56
200;11.52
200;12.0
200;11.28
200;11.92
250;11.776
250;11.584
250;13.056
250;12.736
250;12.352
300;11.733333333333333
300;12.32
300;12.16
300;11.84
300;12.213333333333333
350;12.06857142857143
350;11.565714285714286
350;12.16
350;11.657142857142857
350;12.662857142857144
400;11.52
400;12.24
400;11.84
400;11.68
400;11.96
450;12.053333333333333
450;11.697777777777778
450;11.626666666666667
450;12.551111111111112
450;12.408888888888889
500;11.84
500;12.384
500;12.096
500;12.032
500;11.808
550;11.927272727272728
550;12.392727272727273
550;12.18909090909091
550;12.50909090909091
550;12.18909090909091
600;12.08
600;12.453333333333333
600;12.4
600;11.893333333333333
600;12.106666666666667
650;12.307692307692308
650;11.47076923076923
650;11.913846153846153
650;11.938461538461539
650;11.47076923076923
700;12.022857142857143
700;11.748571428571429
700;12.548571428571428
700;12.045714285714286
700;12.32
750;12.181333333333333
750;11.733333333333333
750;12.032
750;12.032
750;11.946666666666667
800;11.86
800;11.84
800;11.94
800;12.54
800;11.7
850;12.310588235294118
850;11.764705882352942
850;11.407058823529411
850;11.952941176470588
850;12.310588235294118
900;11.857777777777779
900;12.302222222222222
900;11.911111111111111
900;11.911111111111111
900;12.0
950;11.806315789473684
950;12.294736842105262
950;12.07578947368421
950;11.705263157894738
950;12.058947368421052
1000;12.0
1000;11.968
1000;11.888
1000;12.112
1000;11.664
1050;12.19047619047619
1050;12.358095238095238
1050;11.80952380952381
1050;11.946666666666667
1050;12.114285714285714
1100;12.101818181818182
1100;12.465454545454545
1100;11.86909090909091
1100;12.043636363636363
1100;11.534545454545455
1150;12.49391304347826
1150;11.65913043478261
1150;11.84
1150;11.937391304347827
1150;12.271304347826087
1200;12.08
1200;12.16
1200;12.346666666666666
1200;12.266666666666667
1200;11.893333333333333
1250;11.712
1250;12.0064
1250;12.0192
1250;11.84
1250;11.9808
1300;11.938461538461539
1300;11.876923076923077
1300;12.184615384615384
1300;11.88923076923077
1300;12.196923076923078
1350;11.994074074074074
1350;12.148148148148149
1350;11.934814814814814
1350;12.10074074074074
1350;12.171851851851851
1400;12.034285714285714
1400;12.445714285714285
1400;12.057142857142857
1400;11.885714285714286
1400;12.022857142857143
1450;12.292413793103448
1450;12.071724137931035
1450;12.171034482758621
1450;11.950344827586207
1450;11.828965517241379
1500;12.138666666666667
1500;11.744
1500;11.989333333333333
1500;11.914666666666667
1500;11.904
1550;12.036129032258064
1550;12.263225806451613
1550;12.036129032258064
1550;12.015483870967742
1550;12.015483870967742
1600;12.11
1600;12.1
1600;12.03
1600;11.97
1600;11.86
1650;11.82060606060606
1650;11.985454545454546
1650;11.694545454545455
1650;12.063030303030303
1650;11.52969696969697
1700;11.576470588235294
1700;11.971764705882354
1700;11.905882352941177
1700;12.272941176470589
1700;12.207058823529412
1750;11.949714285714286
1750;12.141714285714286
1750;11.757714285714286
1750;11.922285714285714
1750;12.022857142857143
1800;12.195555555555556
1800;12.071111111111112
1800;11.866666666666667
1800;12.151111111111112
1800;12.017777777777777
1850;11.952432432432433
1850;11.935135135135136
1850;12.22054054054054
1850;11.770810810810811
1850;12.09945945945946
1900;12.07578947368421
1900;12.067368421052631
1900;11.974736842105264
1900;11.907368421052631
1900;11.84
1950;12.012307692307692
1950;11.88923076923077
1950;11.946666666666667
1950;11.905641025641026
1950;11.864615384615385
2000;12.32
2000;12.112
2000;12.12
2000;12.152
2000;11.992
2050;11.941463414634146
2050;11.83219512195122
2050;11.894634146341463
2050;11.84
2050;11.777560975609756
2100;12.0
2100;12.03047619047619
2100;11.961904761904762
2100;11.90857142857143
2100;12.022857142857143
2150;12.10046511627907
2150;11.981395348837209
2150;11.691162790697675
2150;11.869767441860466
2150;11.877209302325582
2200;12.072727272727272
2200;11.73090909090909
2200;11.941818181818181
2200;12.094545454545454
2200;11.97090909090909
2250;11.996444444444444
2250;12.010666666666667
2250;11.953777777777777
2250;11.925333333333333
2250;12.103111111111112
2300;11.895652173913044
2300;11.923478260869565
2300;11.951304347826087
2300;12.125217391304348
2300;11.951304347826087
2350;11.717446808510639
2350;11.867234042553191
2350;12.166808510638297
2350;12.010212765957446
2350;11.812765957446809
2400;11.98
2400;12.126666666666667
2400;11.9
2400;12.006666666666666
2400;11.866666666666667
2450;11.996734693877551
2450;11.853061224489796
2450;11.996734693877551
2450;11.918367346938776
2450;12.179591836734694
2500;11.9936
2500;11.7376
2500;12.0448
2500;12.3072
2500;12.0448
2550;11.996862745098039
2550;12.122352941176471
2550;11.927843137254902
2550;12.08470588235294
2550;11.996862745098039
2600;11.932307692307692
2600;11.772307692307692
2600;12.116923076923078
2600;12.153846153846153
2600;12.08
2650;11.936603773584906
2650;11.833962264150943
2650;12.099622641509434
2650;12.009056603773585
2650;12.015094339622642
2700;11.97037037037037
2700;11.976296296296296
2700;12.041481481481481
2700;12.106666666666667
2700;11.89925925925926
2750;12.224
2750;12.008727272727272
2750;12.18909090909091
2750;12.119272727272728
2750;11.758545454545455
2800;12.24
2800;12.12
2800;12.342857142857143
2800;11.954285714285714
2800;11.725714285714286
2850;11.884912280701755
2850;11.884912280701755
2850;11.963508771929824
2850;12.064561403508772
2850;12.193684210526316
2900;11.795862068965517
2900;12.044137931034482
2900;11.602758620689656
2900;12.143448275862069
2900;11.828965517241379
2950;12.306440677966101
2950;11.943050847457627
2950;11.720677966101695
2950;12.013559322033899
2950;11.975593220338983
3000;11.818666666666667
3000;11.856
3000;12.005333333333333
3000;11.861333333333333
3000;11.978666666666667
3050;12.144262295081967
3050;11.918688524590165
3050;12.070819672131147
3050;11.91344262295082
3050;12.044590163934426
3100;11.92258064516129
3100;11.845161290322581
3100;11.75741935483871
3100;12.036129032258064
3100;12.041290322580645
3150;12.246349206349207
3150;12.10920634920635
3150;12.053333333333333
3150;11.763809523809524
3150;11.987301587301587
3200;12.2
3200;12.15
3200;11.87
3200;11.955
3200;12.025
3250;12.130461538461539
3250;11.899076923076922
3250;11.913846153846153
3250;11.948307692307692
3250;11.992615384615384
3300;12.111515151515151
3300;11.864242424242423
3300;11.776969696969697
3300;12.048484848484849
3300;12.014545454545454
3350;12.016716417910448
3350;11.797014925373134
3350;12.045373134328358
3350;12.059701492537313
3350;12.117014925373134
3400;11.929411764705883
3400;12.028235294117646
3400;11.76
3400;11.778823529411765
3400;11.92470588235294
3450;12.067246376811594
3450;11.99304347826087
3450;12.00695652173913
3450;12.039420289855073
3450;11.83072463768116
3500;11.986285714285714
3500;12.13257142857143
3500;12.013714285714286
3500;12.18742857142857
3500;11.958857142857143
3550;11.939154929577464
3550;11.912112676056339
3550;12.033802816901408
3550;12.047323943661972
3550;11.948169014084508
3600;11.986666666666666
3600;11.893333333333333
3600;11.995555555555555
3600;11.773333333333333
3600;11.964444444444444
3650;12.032876712328767
3650;11.997808219178083
3650;11.958356164383561
3650;12.195068493150686
3650;12.072328767123288
3700;12.008648648648649
3700;11.878918918918918
3700;12.06054054054054
3700;11.930810810810812
3700;11.982702702702703
3750;11.9936
3750;12.194133333333333
3750;12.0832
3750;12.066133333333333
3750;11.989333333333333
3800;12.07157894736842
3800;11.83578947368421
3800;11.953684210526315
3800;12.16842105263158
3800;11.776842105263158
3850;11.835844155844155
3850;12.126753246753246
3850;11.997922077922079
3850;11.652987012987014
3850;11.677922077922078
3900;11.991794871794871
3900;11.848205128205128
3900;11.905641025641026
3900;12.09025641025641
3900;11.95897435897436
3950;12.054683544303797
3950;12.054683544303797
3950;11.977721518987341
3950;11.997974683544303
3950;11.876455696202532
4000;12.04
4000;12.044
4000;11.984
4000;12.12
4000;11.836
4050;11.946666666666667
4050;11.875555555555556
4050;11.982222222222223
4050;12.045432098765431
4050;11.911111111111111
4100;12.15219512195122
4100;11.937560975609756
4100;11.902439024390244
4100;12.00390243902439
4100;11.918048780487805
4150;12.001927710843374
4150;11.951807228915662
4150;12.025060240963855
4150;11.92867469879518
4150;11.913253012048193
4200;12.163809523809524
4200;12.038095238095238
4200;12.049523809523809
4200;12.064761904761905
4200;11.878095238095238
4250;12.069647058823529
4250;12.001882352941177
4250;12.032
4250;11.95670588235294
4250;11.926588235294117
4300;11.94046511627907
4300;12.0
4300;12.048372093023255
4300;12.193488372093023
4300;12.10046511627907
4350;12.071724137931035
4350;11.976091954022989
4350;12.16367816091954
4350;11.98712643678161
4350;12.148965517241379
4400;12.032727272727273
4400;12.025454545454545
4400;12.203636363636363
4400;12.003636363636364
4400;11.967272727272727
4450;12.041348314606742
4450;12.113258426966292
4450;11.969438202247192
4450;11.786067415730336
4450;11.962247191011237
4500;11.943111111111111
4500;12.167111111111112
4500;11.893333333333333
4500;11.804444444444444
4500;12.049777777777777
4550;12.054505494505495
4550;12.276043956043956
4550;11.991208791208791
4550;12.065054945054944
4550;11.998241758241758
4600;11.937391304347827
4600;11.909565217391304
4600;11.930434782608696
4600;11.867826086956521
4600;11.989565217391304
4650;11.967311827956989
4650;12.001720430107527
4650;11.963870967741936
4650;12.036129032258064
4650;12.063655913978495
4700;12.09531914893617
4700;12.06468085106383
4700;11.962553191489361
4700;12.044255319148936
4700;12.0
4750;12.129684210526316
4750;12.069052631578947
4750;11.84336842105263
4750;12.00842105263158
4750;12.062315789473685
4800;11.936666666666667
4800;11.993333333333334
4800;11.99
4800;11.953333333333333
4800;11.896666666666667
4850;11.88618556701031
4850;11.912577319587628
4850;11.991752577319588
4850;12.031340206185567
4850;12.037938144329896
4900;12.097959183673469
4900;12.029387755102041
4900;11.87265306122449
4900;11.951020408163265
4900;11.80408163265306
4950;12.205252525252526
4950;12.172929292929293
4950;12.056565656565656
4950;12.033939393939393
4950;11.843232323232323
5000;12.0192
5000;12.0416
5000;12.0672
5000;11.9424
5000;12.0096
